,11111111111111 ι ml

de 1111111111 mumdum 1111111111 111 1111111111
domne 1111111111 11111111 ·1··1111111111111111111111111111,11111
- mumadam m 1111111111 1111111, mm 111111
pum 1111111111 1111111111 11111111 1111 1111111111·
111111 Mam 111111111191111111111 1111111111. lonis 1111111
1111111111· 1111111111111111111. 1111111111 1111
1111111111 hammum 1111111111111111111111111
1111111111 111111111111111111111111111 111 11111111
111ωή111111 11 11111111111111111 11111 111111 1. 1
bi« 1111111121 11111 1111111111. 111 111 1111 2
25·anssss &mmm vwmmssss·
1111111111111111111111111111111111,1111111
1111111111111111111111111111111111 11111111
1111111111111111111111111111111111111111111111111 111111
1111111111 amm 1111111111 11110111111-11111111111
ffwfflstfi‘fflvffimr‘mwfflfflffi 1111111·
111111111111111111111 11111111111111111111111111
1111111111111111111111111111111 ‹Saulus-num. 111111
111Μ1Μ1111111111111111111111
111111111111111111111111111 11111111111111111
11111111111111111211· 11111111111111111111111

11111111111111111111111111111111111111111111111111 i

1111111111 1111111111111111111111111111111
11111111111111111111111 1111111111 11111 11111111
mmmm ,αὶ11Α111111111111311111 11111111 11,-
111111111111111111111111111111111111111111111111 111
1111111111 1118111111 §aas 1111111111111111111111
1111111111 1111111111111111 1111111111111111111111
1111111111 111111131111111111111111111111111
111111111111111111111111111111111111111111111
111111111111111111111111111 ,1111111111 1111111
1111111111 111111111111111111111111 11111

 

